                                   name  last-ACC           BWT  lACC-per(100%KD)  lACC-rel_per  BWT-per(100%KD)  BWT-rel_per
     deterministic_m:0.5_S:cycle_dp:0.2    0.7084 -2.946667e-02        115.979044    -30.831099    -6.696970e+02    68.564356
       deterministic_m:0.5_S:mid_dp:0.4    0.7063 -4.160000e-02        115.635232    -28.016086    -9.454545e+02    57.301980
       deterministic_m:1.5_S:mid_dp:0.4    0.7048 -5.333333e-02        115.389653    -26.005362    -1.212121e+03    46.410891
       deterministic_m:1.0_S:mid_dp:0.4    0.7046 -2.200000e-02        115.356909    -25.737265    -5.000000e+02    75.495050
       deterministic_m:1.0_S:mid_dp:0.2    0.7030 -4.906667e-02        115.094957    -23.592493    -1.115152e+03    50.371287
deterministic_m:0.5_S:ten_to_ten_dp:0.2    0.6995 -3.426667e-02        114.521938    -18.900804    -7.787879e+02    64.108911
       deterministic_m:1.0_S:mid_dp:0.6    0.6989 -3.200000e-02        114.423707    -18.096515    -7.272727e+02    66.212871
     deterministic_m:1.0_S:cycle_dp:0.2    0.6972 -2.506667e-02        114.145383    -15.817694    -5.696970e+02    72.648515
       deterministic_m:0.5_S:mid_dp:0.6    0.6963 -2.440000e-02        113.998035    -14.611260    -5.545455e+02    73.267327
deterministic_m:0.5_S:ten_to_ten_dp:0.4    0.6957 -2.213333e-02        113.899804    -13.806971    -5.030303e+02    75.371287
 deterministic_m:0.5_S:first_end_dp:0.2    0.6953 -4.573333e-02        113.834316    -13.270777    -1.039394e+03    53.465347
       deterministic_m:1.5_S:mid_dp:0.2    0.6949 -5.560000e-02        113.768828    -12.734584    -1.263636e+03    44.306931
       deterministic_m:0.5_S:mid_dp:0.2    0.6944 -7.306667e-02        113.686968    -12.064343    -1.660606e+03    28.094059
deterministic_m:0.5_S:ten_to_ten_dp:0.6    0.6922 -7.333333e-03        113.326785     -9.115282    -1.666667e+02    89.108911
     deterministic_m:0.5_S:cycle_dp:0.4    0.6900 -1.813333e-02        112.966601     -6.166220    -4.121212e+02    79.084158
       deterministic_m:1.0_S:end_dp:0.4    0.6861 -5.386667e-02        112.328094     -0.938338    -1.224242e+03    45.915842
     deterministic_m:0.5_S:first_dp:0.2    0.6859 -5.880000e-02        112.295350     -0.670241    -1.336364e+03    41.336634
      deterministic_m:1.0_S:none_dp:1.0    0.6854 -1.033333e-01        112.213491     -0.000000    -2.348485e+03     0.000000
       deterministic_m:2.0_S:mid_dp:0.4    0.6848 -6.160000e-02        112.115259      0.804290    -1.400000e+03    38.737624
       deterministic_m:0.5_S:end_dp:0.2    0.6826 -8.133333e-02        111.755075      3.753351    -1.848485e+03    20.420792
     deterministic_m:0.5_S:cycle_dp:0.6    0.6824 -4.533333e-03        111.722331      4.021448    -1.030303e+02    91.707921
       deterministic_m:2.0_S:end_dp:0.2    0.6823 -7.253333e-02        111.705959      4.155496    -1.648485e+03    28.589109
deterministic_m:1.0_S:ten_to_ten_dp:0.2    0.6813 -3.853333e-02        111.542240      5.495979    -8.757576e+02    60.148515
     deterministic_m:0.5_S:first_dp:0.4    0.6813 -2.146667e-02        111.542240      5.495979    -4.878788e+02    75.990099
       deterministic_m:0.5_S:end_dp:0.4    0.6807 -8.066667e-02        111.444008      6.300268    -1.833333e+03    21.039604
       deterministic_m:2.0_S:end_dp:0.6    0.6785 -4.960000e-02        111.083824      9.249330    -1.127273e+03    49.876238
       deterministic_m:2.0_S:end_dp:0.4    0.6784 -6.106667e-02        111.067453      9.383378    -1.387879e+03    39.232673
deterministic_m:1.0_S:ten_to_ten_dp:0.4    0.6777 -4.373333e-02        110.952849     10.321716    -9.939394e+02    55.321782
     deterministic_m:0.5_S:first_dp:0.6    0.6770 -1.093333e-02        110.838245     11.260054    -2.484848e+02    85.767327
 deterministic_m:0.5_S:first_end_dp:0.8    0.6761  4.000000e-04        110.690897     12.466488     9.090909e+00    96.287129
 deterministic_m:0.5_S:first_end_dp:0.4    0.6752 -3.826667e-02        110.543549     13.672922    -8.696970e+02    60.396040
     deterministic_m:1.0_S:first_dp:0.2    0.6745 -5.133333e-02        110.428946     14.611260    -1.166667e+03    48.267327
       deterministic_m:2.0_S:mid_dp:0.2    0.6743 -8.680000e-02        110.396202     14.879357    -1.972727e+03    15.346535
       deterministic_m:1.5_S:end_dp:0.6    0.6742 -7.253333e-02        110.379830     15.013405    -1.648485e+03    28.589109
       deterministic_m:0.5_S:mid_dp:0.8    0.6741 -2.266667e-02        110.363458     15.147453    -5.151515e+02    74.876238
       deterministic_m:0.5_S:end_dp:0.8    0.6731 -3.013333e-02        110.199738     16.487936    -6.848485e+02    67.945545
     deterministic_m:0.5_S:first_dp:0.8    0.6728 -8.266667e-03        110.150622     16.890080    -1.878788e+02    88.242574
       deterministic_m:1.5_S:end_dp:0.4    0.6727 -8.640000e-02        110.134250     17.024129    -1.963636e+03    15.717822
 deterministic_m:0.5_S:first_end_dp:0.6    0.6723 -8.933333e-03        110.068762     17.560322    -2.030303e+02    87.623762
 deterministic_m:1.0_S:first_end_dp:0.4    0.6716 -4.080000e-02        109.954158     18.498660    -9.272727e+02    58.044554
 deterministic_m:1.0_S:first_end_dp:0.2    0.6711 -3.680000e-02        109.872299     19.168901    -8.363636e+02    61.757426
       deterministic_m:1.5_S:end_dp:0.2    0.6711 -9.240000e-02        109.872299     19.168901    -2.100000e+03    10.148515
       deterministic_m:2.0_S:mid_dp:0.6    0.6697 -4.840000e-02        109.643091     21.045576    -1.100000e+03    50.990099
       deterministic_m:0.5_S:end_dp:0.6    0.6692 -6.266667e-02        109.561231     21.715818    -1.424242e+03    37.747525
       deterministic_m:1.0_S:end_dp:0.2    0.6687 -9.760000e-02        109.479371     22.386059    -2.218182e+03     5.321782
     deterministic_m:1.0_S:first_dp:0.4    0.6684 -3.866667e-02        109.430255     22.788204    -8.787879e+02    60.024752
     deterministic_m:1.5_S:cycle_dp:0.2    0.6682 -2.000000e-02        109.397511     23.056300    -4.545455e+02    77.351485
deterministic_m:2.0_S:ten_to_ten_dp:0.2    0.6672 -3.613333e-02        109.233792     24.396783    -8.212121e+02    62.376238
       deterministic_m:1.5_S:mid_dp:0.6    0.6672 -7.226667e-02        109.233792     24.396783    -1.642424e+03    28.836634
       deterministic_m:1.0_S:end_dp:0.6    0.6665 -8.373333e-02        109.119188     25.335121    -1.903030e+03    18.193069
deterministic_m:0.5_S:ten_to_ten_dp:0.8    0.6659  5.200000e-03        109.020956     26.139410     1.181818e+02   100.742574
     deterministic_m:1.0_S:cycle_dp:0.4    0.6639 -7.333333e-03        108.693517     28.820375    -1.666667e+02    89.108911
 deterministic_m:1.5_S:first_end_dp:0.4    0.6637 -2.666667e-02        108.660773     29.088472    -6.060606e+02    71.163366
     deterministic_m:1.0_S:first_dp:0.6    0.6634 -2.600000e-02        108.611657     29.490617    -5.909091e+02    71.782178
     deterministic_m:0.5_S:cycle_dp:0.8    0.6634  1.333333e-03        108.611657     29.490617     3.030303e+01    97.153465
 deterministic_m:2.0_S:first_end_dp:0.2    0.6615 -3.746667e-02        108.300589     32.037534    -8.515152e+02    61.138614
     deterministic_m:2.0_S:first_dp:0.2    0.6615 -4.440000e-02        108.300589     32.037534    -1.009091e+03    54.702970
 deterministic_m:1.5_S:first_end_dp:0.2    0.6604 -5.373333e-02        108.120498     33.512064    -1.221212e+03    46.039604
deterministic_m:1.5_S:ten_to_ten_dp:0.4    0.6592 -4.000000e-02        107.924034     35.120643    -9.090909e+02    58.787129
     deterministic_m:1.5_S:first_dp:0.2    0.6589 -5.680000e-02        107.874918     35.522788    -1.290909e+03    43.193069
deterministic_m:1.5_S:ten_to_ten_dp:0.2    0.6586 -6.186667e-02        107.825802     35.924933    -1.406061e+03    38.490099
deterministic_m:1.0_S:ten_to_ten_dp:0.6    0.6572 -1.920000e-02        107.596595     37.801609    -4.363636e+02    78.094059
     deterministic_m:1.5_S:first_dp:0.4    0.6571 -3.520000e-02        107.580223     37.935657    -8.000000e+02    63.242574
 deterministic_m:1.5_S:first_end_dp:0.6    0.6570 -2.880000e-02        107.563851     38.069705    -6.545455e+02    69.183168
     deterministic_m:1.0_S:first_dp:0.8    0.6527 -1.880000e-02        106.859856     43.833780    -4.272727e+02    78.465347
     deterministic_m:2.0_S:cycle_dp:0.2    0.6514 -1.760000e-02        106.647020     45.576408    -4.000000e+02    79.579208
 deterministic_m:1.0_S:first_end_dp:0.6    0.6510 -3.586667e-02        106.581532     46.112601    -8.151515e+02    62.623762
     deterministic_m:2.0_S:first_dp:0.4    0.6491 -4.693333e-02        106.270465     48.659517    -1.066667e+03    52.351485
 deterministic_m:2.0_S:first_end_dp:0.8    0.6486  2.066667e-02        106.188605     49.329759     4.696970e+02   115.099010
       deterministic_m:1.0_S:mid_dp:0.8    0.6467 -4.653333e-02        105.877538     51.876676    -1.057576e+03    52.722772
deterministic_m:2.0_S:ten_to_ten_dp:0.4    0.6463 -3.360000e-02        105.812050     52.412869    -7.636364e+02    64.727723
 deterministic_m:2.0_S:first_end_dp:0.6    0.6461 -3.746667e-02        105.779306     52.680965    -8.515152e+02    61.138614
 deterministic_m:1.0_S:first_end_dp:0.8    0.6413 -1.440000e-02        104.993451     59.115282    -3.272727e+02    82.549505
     deterministic_m:1.0_S:cycle_dp:0.6    0.6407  3.700743e-17        104.895219     59.919571     8.410780e-13    95.915842
       deterministic_m:2.0_S:mid_dp:0.8    0.6398 -6.160000e-02        104.747872     61.126005    -1.400000e+03    38.737624
       deterministic_m:0.5_S:all_dp:1.0    0.6393 -4.000000e-04        104.666012     61.796247    -9.090909e+00    95.544554
       deterministic_m:1.5_S:mid_dp:0.8    0.6389 -4.413333e-02        104.600524     62.332440    -1.003030e+03    54.950495
 deterministic_m:2.0_S:first_end_dp:0.4    0.6388 -2.346667e-02        104.584152     62.466488    -5.333333e+02    74.133663
       deterministic_m:1.0_S:end_dp:0.8    0.6377 -4.306667e-02        104.404060     63.941019    -9.787879e+02    55.940594
     deterministic_m:1.5_S:first_dp:0.6    0.6354 -3.893333e-02        104.027505     67.024129    -8.848485e+02    59.777228
     deterministic_m:2.0_S:first_dp:0.6    0.6349 -2.773333e-02        103.945645     67.694370    -6.303030e+02    70.173267
       deterministic_m:1.5_S:end_dp:0.8    0.6331 -5.466667e-02        103.650950     70.107239    -1.242424e+03    45.173267
     deterministic_m:1.5_S:cycle_dp:0.4    0.6330 -1.013333e-02        103.634578     70.241287    -2.303030e+02    86.509901
deterministic_m:1.0_S:ten_to_ten_dp:0.8    0.6324 -8.666667e-03        103.536346     71.045576    -1.969697e+02    87.871287
 deterministic_m:1.5_S:first_end_dp:0.8    0.6292 -1.733333e-03        103.012443     75.335121    -3.939394e+01    94.306931
       deterministic_m:2.0_S:end_dp:0.8    0.6271 -6.240000e-02        102.668631     78.150134    -1.418182e+03    37.995050
     deterministic_m:1.0_S:cycle_dp:0.8    0.6262  6.666667e-04        102.521284     79.356568     1.515152e+01    96.534653
deterministic_m:1.5_S:ten_to_ten_dp:0.6    0.6233 -9.866667e-03        102.046496     83.243968    -2.242424e+02    86.757426
     deterministic_m:2.0_S:first_dp:0.8    0.6204 -1.533333e-02        101.571709     87.131367    -3.484848e+02    81.683168
     deterministic_m:1.5_S:first_dp:0.8    0.6158 -1.506667e-02        100.818599     93.297587    -3.424242e+02    81.930693
deterministic_m:2.0_S:ten_to_ten_dp:0.6    0.6154 -1.080000e-02        100.753111     93.833780    -2.454545e+02    85.891089
       deterministic_m:1.0_S:all_dp:1.0    0.6108  4.400000e-03        100.000000    100.000000     1.000000e+02   100.000000
     deterministic_m:1.5_S:cycle_dp:0.6    0.6010 -2.400000e-03         98.395547    113.136729    -5.454545e+01    93.688119
deterministic_m:1.5_S:ten_to_ten_dp:0.8    0.5967 -9.600000e-03         97.691552    118.900804    -2.181818e+02    87.004950
     deterministic_m:2.0_S:cycle_dp:0.4    0.5923 -1.133333e-02         96.971185    124.798928    -2.575758e+02    85.396040
     deterministic_m:1.5_S:cycle_dp:0.8    0.5877 -8.800000e-03         96.218075    130.965147    -2.000000e+02    87.747525
deterministic_m:2.0_S:ten_to_ten_dp:0.8    0.5851 -8.666667e-03         95.792403    134.450402    -1.969697e+02    87.871287
     deterministic_m:2.0_S:cycle_dp:0.6    0.5778 -1.440000e-02         94.597250    144.235925    -3.272727e+02    82.549505
     deterministic_m:2.0_S:cycle_dp:0.8    0.5721 -1.146667e-02         93.664047    151.876676    -2.606061e+02    85.272277
       deterministic_m:1.5_S:all_dp:1.0    0.5707  1.466667e-03         93.434840    153.753351     3.333333e+01    97.277228
       deterministic_m:2.0_S:all_dp:1.0    0.5563 -1.200000e-03         91.077276    173.056300    -2.727273e+01    94.801980