                                   name  last-ACC       BWT  lACC-per(100%KD)  lACC-rel_per  BWT-per(100%KD)  BWT-rel_per
deterministic_m:0.5_S:ten_to_ten_dp:0.2    0.7240 -0.075067        120.646559    -50.181818       481.196581    50.278707
     deterministic_m:0.5_S:cycle_dp:0.2    0.7224 -0.067067        120.379937    -48.242424       429.914530    56.967670
   adaptive_m:0.5_S:ada_switch_2_dp:0.2    0.7199 -0.083600        119.963339    -45.212121       535.897436    43.143813
   adaptive_m:0.5_S:ada_switch_5_dp:0.2    0.7191 -0.083467        119.830028    -44.242424       535.042735    43.255295
   adaptive_m:0.5_S:ada_switch_3_dp:0.2    0.7171 -0.087600        119.496751    -41.818182       561.538462    39.799331
   adaptive_m:0.5_S:ada_switch_4_dp:0.2    0.7158 -0.082133        119.280120    -40.242424       526.495726    44.370123
     deterministic_m:0.5_S:first_dp:0.2    0.7094 -0.106533        118.213631    -32.484848       682.905983    23.968785
   adaptive_m:0.5_S:ada_switch_1_dp:1.0    0.7041 -0.109067        117.330445    -26.060606       699.145299    21.850613
 deterministic_m:0.5_S:first_end_dp:0.2    0.7032 -0.094133        117.180470    -24.969697       603.418803    34.336678
       deterministic_m:0.5_S:mid_dp:0.2    0.6999 -0.105733        116.630562    -20.969697       677.777778    24.637681
       deterministic_m:0.5_S:end_dp:0.2    0.6905 -0.118400        115.064156     -9.575758       758.974359    14.046823
      deterministic_m:1.0_S:none_dp:1.0    0.6826 -0.135200        113.747709     -0.000000       866.666667     0.000000
       deterministic_m:0.5_S:all_dp:1.0    0.6565 -0.030667        109.398434     31.636364       196.581197    87.402453
       deterministic_m:1.0_S:all_dp:1.0    0.6001 -0.015600        100.000000    100.000000       100.000000   100.000000