                                   name  last-ACC       BWT  lACC-per(100%KD)  lACC-rel_per  BWT-per(100%KD)  BWT-rel_per
     deterministic_m:0.5_S:cycle_dp:0.4    0.7385 -0.022267        123.062823    -67.757576       142.735043    94.425864
       deterministic_m:1.0_S:mid_dp:0.4    0.7298 -0.072000        121.613064    -57.212121       461.538462    52.842809
deterministic_m:0.5_S:ten_to_ten_dp:0.2    0.7240 -0.075067        120.646559    -50.181818       481.196581    50.278707
       deterministic_m:0.5_S:mid_dp:0.4    0.7226 -0.086267        120.413264    -48.484848       552.991453    40.914158
     deterministic_m:0.5_S:cycle_dp:0.2    0.7224 -0.067067        120.379937    -48.242424       429.914530    56.967670
deterministic_m:0.5_S:ten_to_ten_dp:0.6    0.7216 -0.035467        120.246626    -47.272727       227.350427    83.389075
     deterministic_m:0.5_S:first_dp:0.8    0.7166 -0.030400        119.413431    -41.212121       194.871795    87.625418
     deterministic_m:0.5_S:cycle_dp:0.6    0.7156 -0.025200        119.246792    -40.000000       161.538462    91.973244
deterministic_m:1.0_S:ten_to_ten_dp:0.2    0.7146 -0.084267        119.080153    -38.787879       540.170940    42.586399
       deterministic_m:0.5_S:mid_dp:0.6    0.7145 -0.087200        119.063489    -38.666667       558.974359    40.133779
     deterministic_m:1.0_S:cycle_dp:0.2    0.7141 -0.048400        118.996834    -38.181818       310.256410    72.575251
 deterministic_m:2.0_S:first_end_dp:0.2    0.7134 -0.069067        118.880187    -37.333333       442.735043    55.295429
     deterministic_m:0.5_S:cycle_dp:0.8    0.7124 -0.015200        118.713548    -36.121212        97.435897   100.334448
deterministic_m:2.0_S:ten_to_ten_dp:0.2    0.7119 -0.069867        118.630228    -35.515152       447.863248    54.626533
     deterministic_m:1.5_S:cycle_dp:0.2    0.7108 -0.042533        118.446926    -34.181818       272.649573    77.480491
 deterministic_m:2.0_S:first_end_dp:0.4    0.7098 -0.075333        118.280287    -32.969697       482.905983    50.055741
     deterministic_m:0.5_S:first_dp:0.2    0.7094 -0.106533        118.213631    -32.484848       682.905983    23.968785
     deterministic_m:0.5_S:first_dp:0.6    0.7090 -0.069467        118.146976    -32.000000       445.299145    54.960981
     deterministic_m:2.0_S:cycle_dp:0.2    0.7086 -0.038667        118.080320    -31.515152       247.863248    80.713489
       deterministic_m:1.5_S:mid_dp:0.2    0.7082 -0.104000        118.013664    -31.030303       666.666667    26.086957
     deterministic_m:2.0_S:first_dp:0.2    0.7061 -0.088800        117.663723    -28.484848       569.230769    38.795987
     deterministic_m:1.0_S:cycle_dp:0.4    0.7059 -0.024933        117.630395    -28.242424       159.829060    92.196210
     deterministic_m:1.5_S:first_dp:0.6    0.7059 -0.041067        117.630395    -28.242424       263.247863    78.706800
deterministic_m:0.5_S:ten_to_ten_dp:0.4    0.7054 -0.078800        117.547075    -27.636364       505.128205    47.157191
 deterministic_m:0.5_S:first_end_dp:0.6    0.7049 -0.080133        117.463756    -27.030303       513.675214    46.042363
deterministic_m:1.0_S:ten_to_ten_dp:0.6    0.7048 -0.028933        117.447092    -26.909091       185.470085    88.851728
       deterministic_m:2.0_S:mid_dp:0.4    0.7047 -0.105333        117.430428    -26.787879       675.213675    24.972129
deterministic_m:0.5_S:ten_to_ten_dp:0.8    0.7039 -0.029200        117.297117    -25.818182       187.179487    88.628763
       deterministic_m:1.5_S:mid_dp:0.4    0.7034 -0.113467        117.213798    -25.212121       727.350427    18.171683
 deterministic_m:0.5_S:first_end_dp:0.2    0.7032 -0.094133        117.180470    -24.969697       603.418803    34.336678
     deterministic_m:1.0_S:first_dp:0.2    0.7020 -0.098400        116.980503    -23.515152       630.769231    30.769231
       deterministic_m:1.5_S:mid_dp:0.6    0.7019 -0.092800        116.963839    -23.393939       594.871795    35.451505
 deterministic_m:0.5_S:first_end_dp:0.4    0.7017 -0.105067        116.930512    -23.151515       673.504274    25.195095
deterministic_m:1.0_S:ten_to_ten_dp:0.4    0.7012 -0.075467        116.847192    -22.545455       483.760684    49.944259
deterministic_m:1.5_S:ten_to_ten_dp:0.2    0.7012 -0.092133        116.847192    -22.545455       590.598291    36.008919
       deterministic_m:0.5_S:mid_dp:0.2    0.6999 -0.105733        116.630562    -20.969697       677.777778    24.637681
 deterministic_m:1.0_S:first_end_dp:0.8    0.6998 -0.052400        116.613898    -20.848485       335.897436    69.230769
     deterministic_m:0.5_S:first_dp:0.4    0.6992 -0.102267        116.513914    -20.121212       655.555556    27.536232
       deterministic_m:1.0_S:mid_dp:0.6    0.6988 -0.102667        116.447259    -19.636364       658.119658    27.201784
 deterministic_m:1.5_S:first_end_dp:0.8    0.6987 -0.056800        116.430595    -19.515152       364.102564    65.551839
     deterministic_m:2.0_S:first_dp:0.6    0.6978 -0.040400        116.280620    -18.424242       258.974359    79.264214
       deterministic_m:2.0_S:mid_dp:0.8    0.6974 -0.076267        116.213964    -17.939394       488.888889    49.275362
       deterministic_m:0.5_S:end_dp:0.6    0.6968 -0.102133        116.113981    -17.212121       654.700855    27.647715
     deterministic_m:2.0_S:first_dp:0.4    0.6964 -0.068667        116.047325    -16.727273       440.170940    55.629877
       deterministic_m:1.0_S:mid_dp:0.2    0.6963 -0.121733        116.030662    -16.606061       780.341880    11.259755
 deterministic_m:1.5_S:first_end_dp:0.2    0.6962 -0.094400        116.013998    -16.484848       605.128205    34.113712
 deterministic_m:1.0_S:first_end_dp:0.2    0.6961 -0.101600        115.997334    -16.363636       651.282051    28.093645
       deterministic_m:2.0_S:mid_dp:0.2    0.6961 -0.120933        115.997334    -16.363636       775.213675    11.928651
deterministic_m:2.0_S:ten_to_ten_dp:0.4    0.6956 -0.061200        115.914014    -15.757576       392.307692    61.872910
deterministic_m:1.5_S:ten_to_ten_dp:0.4    0.6954 -0.078667        115.880687    -15.515152       504.273504    47.268673
     deterministic_m:1.0_S:first_dp:0.4    0.6954 -0.085867        115.880687    -15.515152       550.427350    41.248606
       deterministic_m:2.0_S:mid_dp:0.6    0.6928 -0.100667        115.447425    -12.363636       645.299145    28.874025
       deterministic_m:1.0_S:mid_dp:0.8    0.6927 -0.084000        115.430762    -12.242424       538.461538    42.809365
       deterministic_m:1.0_S:end_dp:0.2    0.6927 -0.129867        115.430762    -12.242424       832.478632     4.459309
       deterministic_m:1.5_S:end_dp:0.2    0.6927 -0.129867        115.430762    -12.242424       832.478632     4.459309
       deterministic_m:2.0_S:end_dp:0.2    0.6927 -0.129867        115.430762    -12.242424       832.478632     4.459309
 deterministic_m:2.0_S:first_end_dp:0.8    0.6925 -0.059333        115.397434    -12.000000       380.341880    63.433668
deterministic_m:1.5_S:ten_to_ten_dp:0.6    0.6921 -0.029733        115.330778    -11.515152       190.598291    88.182832
     deterministic_m:1.5_S:first_dp:0.4    0.6919 -0.084667        115.297450    -11.272727       542.735043    42.251951
       deterministic_m:0.5_S:end_dp:0.2    0.6905 -0.118400        115.064156     -9.575758       758.974359    14.046823
 deterministic_m:1.5_S:first_end_dp:0.6    0.6893 -0.093867        114.864189     -8.121212       601.709402    34.559643
 deterministic_m:2.0_S:first_end_dp:0.6    0.6892 -0.090800        114.847525     -8.000000       582.051282    37.123746
       deterministic_m:0.5_S:end_dp:0.4    0.6882 -0.121467        114.680887     -6.787879       778.632479    11.482720
 deterministic_m:1.0_S:first_end_dp:0.6    0.6881 -0.090533        114.664223     -6.666667       580.341880    37.346711
     deterministic_m:1.0_S:first_dp:0.6    0.6858 -0.077333        114.280953     -3.878788       495.726496    48.383501
       deterministic_m:0.5_S:mid_dp:0.8    0.6853 -0.096133        114.197634     -3.272727       616.239316    32.664437
     deterministic_m:1.5_S:first_dp:0.2    0.6851 -0.106800        114.164306     -3.030303       684.615385    23.745819
deterministic_m:2.0_S:ten_to_ten_dp:0.6    0.6849 -0.025733        114.130978     -2.787879       164.957265    91.527313
 deterministic_m:1.5_S:first_end_dp:0.4    0.6840 -0.105867        113.981003     -1.696970       678.632479    24.526198
      deterministic_m:1.0_S:none_dp:1.0    0.6826 -0.135200        113.747709     -0.000000       866.666667     0.000000
 deterministic_m:0.5_S:first_end_dp:0.8    0.6823 -0.090133        113.697717      0.363636       577.777778    37.681159
       deterministic_m:1.0_S:end_dp:0.4    0.6805 -0.136133        113.397767      2.545455       872.649573    -0.780379
       deterministic_m:1.5_S:end_dp:0.4    0.6805 -0.136133        113.397767      2.545455       872.649573    -0.780379
       deterministic_m:2.0_S:end_dp:0.4    0.6805 -0.136133        113.397767      2.545455       872.649573    -0.780379
     deterministic_m:1.0_S:first_dp:0.8    0.6793 -0.021600        113.197800      4.000000       138.461538    94.983278
     deterministic_m:1.5_S:cycle_dp:0.4    0.6730 -0.026267        112.147975     11.636364       168.376068    91.081382
deterministic_m:1.0_S:ten_to_ten_dp:0.8    0.6718 -0.023867        111.948009     13.090909       152.991453    93.088071
       deterministic_m:1.5_S:mid_dp:0.8    0.6670 -0.109333        111.148142     18.909091       700.854701    21.627648
     deterministic_m:1.0_S:cycle_dp:0.6    0.6669 -0.030000        111.131478     19.030303       192.307692    87.959866
 deterministic_m:1.0_S:first_end_dp:0.4    0.6663 -0.143867        111.031495     19.757576       922.222222    -7.246377
       deterministic_m:1.0_S:end_dp:0.6    0.6656 -0.122933        110.914848     20.606061       788.034188    10.256410
       deterministic_m:1.5_S:end_dp:0.6    0.6656 -0.122933        110.914848     20.606061       788.034188    10.256410
       deterministic_m:2.0_S:end_dp:0.6    0.6656 -0.122933        110.914848     20.606061       788.034188    10.256410
     deterministic_m:1.5_S:first_dp:0.8    0.6613 -0.019733        110.198300     25.818182       126.495726    96.544036
deterministic_m:1.5_S:ten_to_ten_dp:0.8    0.6598 -0.022400        109.948342     27.636364       143.589744    94.314381
     deterministic_m:1.0_S:cycle_dp:0.8    0.6597 -0.011200        109.931678     27.757576        71.794872   103.678930
       deterministic_m:1.0_S:end_dp:0.8    0.6596 -0.107200        109.915014     27.878788       687.179487    23.411371
     deterministic_m:1.5_S:cycle_dp:0.6    0.6576 -0.013333        109.581736     30.303030        85.470085   101.895206
       deterministic_m:0.5_S:all_dp:1.0    0.6565 -0.030667        109.398434     31.636364       196.581197    87.402453
     deterministic_m:2.0_S:cycle_dp:0.4    0.6506 -0.034000        108.415264     38.787879       217.948718    84.615385
     deterministic_m:2.0_S:first_dp:0.8    0.6501 -0.012667        108.331945     39.393939        81.196581   102.452620
       deterministic_m:1.5_S:end_dp:0.8    0.6440 -0.119333        107.315447     46.787879       764.957265    13.266444
       deterministic_m:2.0_S:end_dp:0.8    0.6440 -0.119333        107.315447     46.787879       764.957265    13.266444
       deterministic_m:0.5_S:end_dp:0.8    0.6430 -0.144800        107.148809     48.000000       928.205128    -8.026756
deterministic_m:2.0_S:ten_to_ten_dp:0.8    0.6429 -0.029600        107.132145     48.121212       189.743590    88.294314
     deterministic_m:2.0_S:cycle_dp:0.6    0.6342 -0.024933        105.682386     58.666667       159.829060    92.196210
     deterministic_m:1.5_S:cycle_dp:0.8    0.6252 -0.037867        104.182636     69.575758       242.735043    81.382386
     deterministic_m:2.0_S:cycle_dp:0.8    0.6199 -0.025200        103.299450     76.000000       161.538462    91.973244
       deterministic_m:1.0_S:all_dp:1.0    0.6001 -0.015600        100.000000    100.000000       100.000000   100.000000
       deterministic_m:1.5_S:all_dp:1.0    0.5976  0.000800         99.583403    103.030303        -5.128205   113.712375
       deterministic_m:2.0_S:all_dp:1.0    0.5840  0.000133         97.317114    119.515152        -0.854701   113.154961