                                   name  last-ACC       BWT  lACC-per(100%KD)  lACC-rel_per  BWT-per(100%KD)  BWT-rel_per
     deterministic_m:2.0_S:first_dp:0.6    0.7559 -0.020133        101.259210    116.179002        43.515850   131.111111
     deterministic_m:2.0_S:cycle_dp:0.8    0.7555 -0.024933        101.205626    115.490534        53.890490   125.396825
       deterministic_m:2.0_S:mid_dp:0.8    0.7541 -0.034000        101.018084    113.080895        73.487032   114.603175
       deterministic_m:1.5_S:mid_dp:0.8    0.7541 -0.035867        101.018084    113.080895        77.521614   112.380952
       deterministic_m:1.5_S:all_dp:1.0    0.7539 -0.032267        100.991293    112.736661        69.740634   116.666667
     deterministic_m:1.5_S:cycle_dp:0.6    0.7539 -0.038267        100.991293    112.736661        82.708934   109.523810
       deterministic_m:2.0_S:end_dp:0.8    0.7529 -0.033333        100.857334    111.015491        72.046110   115.396825
     deterministic_m:1.5_S:cycle_dp:0.8    0.7522 -0.038133        100.763563    109.810671        82.420749   109.682540
       deterministic_m:2.0_S:all_dp:1.0    0.7519 -0.025067        100.723376    109.294320        54.178674   125.238095
 deterministic_m:1.5_S:first_end_dp:0.8    0.7515 -0.044133        100.669792    108.605852        95.389049   102.539683
     deterministic_m:2.0_S:first_dp:0.8    0.7501 -0.025600        100.482251    106.196213        55.331412   124.603175
deterministic_m:1.5_S:ten_to_ten_dp:0.8    0.7501 -0.049733        100.482251    106.196213       107.492795    95.873016
       deterministic_m:2.0_S:mid_dp:0.6    0.7497 -0.038533        100.428667    105.507745        83.285303   109.206349
     deterministic_m:1.5_S:first_dp:0.6    0.7495 -0.040000        100.401875    105.163511        86.455331   107.460317
 deterministic_m:2.0_S:first_end_dp:0.8    0.7495 -0.030533        100.401875    105.163511        65.994236   118.730159
     deterministic_m:1.5_S:first_dp:0.8    0.7494 -0.036533        100.388480    104.991394        78.962536   111.587302
deterministic_m:2.0_S:ten_to_ten_dp:0.8    0.7492 -0.026000        100.361688    104.647160        56.195965   124.126984
deterministic_m:1.5_S:ten_to_ten_dp:0.6    0.7475 -0.046667        100.133958    101.721170       100.864553    99.523810
       deterministic_m:1.5_S:end_dp:0.8    0.7474 -0.035467        100.120563    101.549053        76.657061   112.857143
deterministic_m:2.0_S:ten_to_ten_dp:0.6    0.7474 -0.042667        100.120563    101.549053        92.219020   104.285714
       deterministic_m:1.0_S:all_dp:1.0    0.7465 -0.046267        100.000000    100.000000       100.000000   100.000000
deterministic_m:2.0_S:ten_to_ten_dp:0.4    0.7462 -0.043467         99.959812     99.483649        93.948127   103.333333
       deterministic_m:2.0_S:mid_dp:0.4    0.7453 -0.050133         99.839250     97.934596       108.357349    95.396825
deterministic_m:1.5_S:ten_to_ten_dp:0.4    0.7452 -0.051333         99.825854     97.762478       110.951009    93.968254
       deterministic_m:1.5_S:mid_dp:0.6    0.7451 -0.042800         99.812458     97.590361        92.507205   104.126984
       deterministic_m:2.0_S:end_dp:0.6    0.7449 -0.048000         99.785666     97.246127       103.746398    97.936508
     deterministic_m:2.0_S:cycle_dp:0.4    0.7443 -0.046933         99.705291     96.213425       101.440922    99.206349
deterministic_m:1.0_S:ten_to_ten_dp:0.8    0.7443 -0.048667         99.705291     96.213425       105.187320    97.142857
 deterministic_m:2.0_S:first_end_dp:0.6    0.7439 -0.038000         99.651708     95.524957        82.132565   109.841270
     deterministic_m:2.0_S:first_dp:0.4    0.7434 -0.041600         99.584729     94.664372        89.913545   105.555556
     deterministic_m:2.0_S:cycle_dp:0.6    0.7433 -0.045200         99.571333     94.492255        97.694524   101.269841
     deterministic_m:1.0_S:first_dp:0.8    0.7431 -0.051600         99.544541     94.148021       111.527378    93.650794
       deterministic_m:1.0_S:mid_dp:0.8    0.7422 -0.062267         99.423979     92.598967       134.582133    80.952381
 deterministic_m:2.0_S:first_end_dp:0.4    0.7418 -0.032000         99.370395     91.910499        69.164265   116.984127
 deterministic_m:2.0_S:first_end_dp:0.2    0.7418 -0.056133         99.370395     91.910499       121.325648    88.253968
       deterministic_m:1.5_S:end_dp:0.6    0.7410 -0.056667         99.263228     90.533563       122.478386    87.619048
     deterministic_m:1.5_S:cycle_dp:0.4    0.7410 -0.057200         99.263228     90.533563       123.631124    86.984127
     deterministic_m:1.0_S:first_dp:0.4    0.7403 -0.053067         99.169457     89.328744       114.697406    91.904762
deterministic_m:2.0_S:ten_to_ten_dp:0.2    0.7399 -0.056400         99.115874     88.640275       121.902017    87.936508
 deterministic_m:1.0_S:first_end_dp:0.8    0.7396 -0.054000         99.075687     88.123924       116.714697    90.793651
     deterministic_m:1.0_S:first_dp:0.6    0.7395 -0.053200         99.062291     87.951807       114.985591    91.746032
       deterministic_m:1.0_S:end_dp:0.8    0.7376 -0.058400         98.807770     84.681583       126.224784    85.555556
 deterministic_m:1.0_S:first_end_dp:0.6    0.7375 -0.059200         98.794374     84.509466       127.953890    84.603175
       deterministic_m:1.5_S:mid_dp:0.4    0.7369 -0.058400         98.713999     83.476764       126.224784    85.555556
       deterministic_m:1.0_S:mid_dp:0.6    0.7366 -0.060400         98.673811     82.960413       130.547550    83.174603
     deterministic_m:2.0_S:cycle_dp:0.2    0.7365 -0.071467         98.660415     82.788296       154.466859    70.000000
 deterministic_m:1.5_S:first_end_dp:0.6    0.7364 -0.051200         98.647019     82.616179       110.662824    94.126984
     deterministic_m:1.5_S:first_dp:0.4    0.7361 -0.055333         98.606832     82.099828       119.596542    89.206349
       deterministic_m:1.0_S:mid_dp:0.4    0.7353 -0.061733         98.499665     80.722892       133.429395    81.587302
     deterministic_m:1.0_S:cycle_dp:0.8    0.7352 -0.065067         98.486269     80.550775       140.634006    77.619048
deterministic_m:1.5_S:ten_to_ten_dp:0.2    0.7339 -0.065867         98.312123     78.313253       142.363112    76.666667
       deterministic_m:2.0_S:mid_dp:0.2    0.7332 -0.068933         98.218352     77.108434       148.991354    73.015873
deterministic_m:1.0_S:ten_to_ten_dp:0.2    0.7328 -0.054400         98.164769     76.419966       117.579251    90.317460
deterministic_m:1.0_S:ten_to_ten_dp:0.4    0.7328 -0.068800         98.164769     76.419966       148.703170    73.174603
 deterministic_m:1.5_S:first_end_dp:0.2    0.7322 -0.060000         98.084394     75.387263       129.682997    83.650794
     deterministic_m:0.5_S:cycle_dp:0.8    0.7321 -0.055333         98.070998     75.215146       119.596542    89.206349
     deterministic_m:1.5_S:first_dp:0.2    0.7314 -0.065200         97.977227     74.010327       140.922190    77.460317
     deterministic_m:2.0_S:first_dp:0.2    0.7306 -0.056000         97.870060     72.633391       121.037464    88.412698
     deterministic_m:1.0_S:cycle_dp:0.6    0.7306 -0.072267         97.870060     72.633391       156.195965    69.047619
 deterministic_m:0.5_S:first_end_dp:0.4    0.7293 -0.074800         97.695914     70.395869       161.671470    66.031746
 deterministic_m:0.5_S:first_end_dp:0.8    0.7290 -0.051467         97.655727     69.879518       111.239193    93.809524
       deterministic_m:1.5_S:end_dp:0.4    0.7285 -0.074000         97.588747     69.018933       159.942363    66.984127
 deterministic_m:1.5_S:first_end_dp:0.4    0.7284 -0.070933         97.575352     68.846816       153.314121    70.634921
deterministic_m:0.5_S:ten_to_ten_dp:0.4    0.7282 -0.080667         97.548560     68.502582       174.351585    59.047619
       deterministic_m:2.0_S:end_dp:0.2    0.7279 -0.070400         97.508372     67.986231       152.161383    71.269841
deterministic_m:1.0_S:ten_to_ten_dp:0.6    0.7278 -0.052267         97.494977     67.814114       112.968300    92.857143
     deterministic_m:0.5_S:first_dp:0.4    0.7271 -0.079200         97.401206     66.609294       171.181556    60.793651
deterministic_m:0.5_S:ten_to_ten_dp:0.6    0.7268 -0.079467         97.361018     66.092943       171.757925    60.476190
       deterministic_m:1.0_S:end_dp:0.6    0.7267 -0.073867         97.347622     65.920826       159.654179    67.142857
       deterministic_m:1.5_S:mid_dp:0.2    0.7255 -0.079733         97.186872     63.855422       172.334294    60.158730
     deterministic_m:1.0_S:cycle_dp:0.4    0.7244 -0.078667         97.039518     61.962134       170.028818    61.428571
 deterministic_m:1.0_S:first_end_dp:0.4    0.7242 -0.069467         97.012726     61.617900       150.144092    72.380952
 deterministic_m:0.5_S:first_end_dp:0.6    0.7211 -0.094133         96.597455     56.282272       203.458213    43.015873
       deterministic_m:0.5_S:all_dp:1.0    0.7184 -0.073867         96.235767     51.635112       159.654179    67.142857
     deterministic_m:0.5_S:first_dp:0.8    0.7181 -0.074400         96.195579     51.118761       160.806916    66.507937
       deterministic_m:0.5_S:mid_dp:0.8    0.7176 -0.076400         96.128600     50.258176       165.129683    64.126984
       deterministic_m:1.0_S:end_dp:0.4    0.7175 -0.085067         96.115204     50.086059       183.861671    53.809524
     deterministic_m:1.0_S:cycle_dp:0.2    0.7165 -0.088800         95.981246     48.364888       191.930836    49.365079
 deterministic_m:1.0_S:first_end_dp:0.2    0.7159 -0.087200         95.900871     47.332186       188.472622    51.269841
       deterministic_m:1.0_S:mid_dp:0.2    0.7147 -0.089733         95.740121     45.266781       193.948127    48.253968
     deterministic_m:0.5_S:cycle_dp:0.4    0.7146 -0.096667         95.726725     45.094664       208.933718    40.000000
     deterministic_m:1.5_S:cycle_dp:0.2    0.7143 -0.067600         95.686537     44.578313       146.109510    74.603175
deterministic_m:0.5_S:ten_to_ten_dp:0.8    0.7140 -0.062133         95.646350     44.061962       134.293948    81.111111
       deterministic_m:0.5_S:end_dp:0.6    0.7131 -0.095067         95.525787     42.512909       205.475504    41.904762
       deterministic_m:0.5_S:end_dp:0.8    0.7123 -0.082533         95.418620     41.135972       178.386167    56.825397
     deterministic_m:1.0_S:first_dp:0.2    0.7119 -0.097733         95.365037     40.447504       211.239193    38.730159
       deterministic_m:0.5_S:mid_dp:0.4    0.7117 -0.094800         95.338245     40.103270       204.899135    42.222222
     deterministic_m:0.5_S:first_dp:0.6    0.7112 -0.083333         95.271266     39.242685       180.115274    55.873016
     deterministic_m:0.5_S:first_dp:0.2    0.7112 -0.096400         95.271266     39.242685       208.357349    40.317460
       deterministic_m:2.0_S:end_dp:0.4    0.7108 -0.091200         95.217683     38.554217       197.118156    46.507937
     deterministic_m:0.5_S:cycle_dp:0.6    0.7083 -0.082000         94.882786     34.251291       177.233429    57.460317
       deterministic_m:1.0_S:end_dp:0.2    0.7059 -0.104933         94.561286     30.120482       226.801153    30.158730
 deterministic_m:0.5_S:first_end_dp:0.2    0.7058 -0.110000         94.547890     29.948365       237.752161    24.126984
       deterministic_m:0.5_S:end_dp:0.4    0.7028 -0.105333         94.146015     24.784854       227.665706    29.682540
deterministic_m:0.5_S:ten_to_ten_dp:0.2    0.7027 -0.085200         94.132619     24.612737       184.149856    53.650794
       deterministic_m:0.5_S:mid_dp:0.2    0.6984 -0.109733         93.556597     17.211704       237.175793    24.444444
     deterministic_m:0.5_S:cycle_dp:0.2    0.6955 -0.118667         93.168118     12.220310       256.484150    13.809524
       deterministic_m:0.5_S:end_dp:0.2    0.6952 -0.104667         93.127930     11.703959       226.224784    30.476190
       deterministic_m:1.5_S:end_dp:0.2    0.6907 -0.122800         92.525117      3.958692       265.417867     8.888889
      deterministic_m:1.0_S:none_dp:1.0    0.6884 -0.130267         92.217013      0.000000       281.556196     0.000000
       deterministic_m:0.5_S:mid_dp:0.6    0.0000 -0.505600          0.000000  -1184.853701      1092.795389  -446.825397