                                   name  last-ACC       BWT  lACC-per(100%KD)  lACC-rel_per  BWT-per(100%KD)  BWT-rel_per
       deterministic_m:2.0_S:all_dp:1.0    0.7519 -0.025067        100.723376    109.294320        54.178674   125.238095
   adaptive_m:2.0_S:ada_switch_3_dp:0.2    0.7473 -0.047200        100.107167    101.376936       102.017291    98.888889
       deterministic_m:1.0_S:all_dp:1.0    0.7465 -0.046267        100.000000    100.000000       100.000000   100.000000
 deterministic_m:2.0_S:first_end_dp:0.2    0.7418 -0.056133         99.370395     91.910499       121.325648    88.253968
   adaptive_m:2.0_S:ada_switch_3_dp:0.2    0.7407 -0.040000         99.223041     90.017212        86.455331   107.460317
   adaptive_m:2.0_S:ada_switch_3_dp:0.2    0.7407 -0.040000         99.223041     90.017212        86.455331   107.460317
   adaptive_m:2.0_S:ada_switch_5_dp:0.2    0.7402 -0.049733         99.156062     89.156627       107.492795    95.873016
   adaptive_m:2.0_S:ada_switch_2_dp:0.2    0.7399 -0.056400         99.115874     88.640275       121.902017    87.936508
deterministic_m:2.0_S:ten_to_ten_dp:0.2    0.7399 -0.056400         99.115874     88.640275       121.902017    87.936508
   adaptive_m:2.0_S:ada_switch_3_dp:0.2    0.7381 -0.037067         98.874749     85.542169        80.115274   110.952381
   adaptive_m:2.0_S:ada_switch_5_dp:0.2    0.7368 -0.028667         98.700603     83.304647        61.959654   120.952381
     deterministic_m:2.0_S:cycle_dp:0.2    0.7365 -0.071467         98.660415     82.788296       154.466859    70.000000
   adaptive_m:2.0_S:ada_switch_4_dp:0.2    0.7354 -0.066533         98.513061     80.895009       143.804035    75.873016
   adaptive_m:2.0_S:ada_switch_5_dp:0.2    0.7352 -0.042000         98.486269     80.550775        90.778098   105.079365
   adaptive_m:2.0_S:ada_switch_5_dp:0.2    0.7352 -0.042000         98.486269     80.550775        90.778098   105.079365
       deterministic_m:2.0_S:mid_dp:0.2    0.7332 -0.068933         98.218352     77.108434       148.991354    73.015873
   adaptive_m:2.0_S:ada_switch_2_dp:0.2    0.7326 -0.048267         98.137977     76.075731       104.322767    97.619048
   adaptive_m:2.0_S:ada_switch_2_dp:0.2    0.7326 -0.048267         98.137977     76.075731       104.322767    97.619048
     deterministic_m:2.0_S:first_dp:0.2    0.7306 -0.056000         97.870060     72.633391       121.037464    88.412698
   adaptive_m:2.0_S:ada_switch_5_dp:0.2    0.7299 -0.046667         97.776289     71.428571       100.864553    99.523810
   adaptive_m:2.0_S:ada_switch_4_dp:0.2    0.7284 -0.058933         97.575352     68.846816       127.377522    84.920635
   adaptive_m:2.0_S:ada_switch_4_dp:0.2    0.7284 -0.058933         97.575352     68.846816       127.377522    84.920635
       deterministic_m:2.0_S:end_dp:0.2    0.7279 -0.070400         97.508372     67.986231       152.161383    71.269841
   adaptive_m:2.0_S:ada_switch_2_dp:0.2    0.7274 -0.039467         97.441393     67.125645        85.302594   108.095238
   adaptive_m:2.0_S:ada_switch_2_dp:0.2    0.7264 -0.055200         97.307435     65.404475       119.308357    89.365079
   adaptive_m:2.0_S:ada_switch_4_dp:0.2    0.7262 -0.054400         97.280643     65.060241       117.579251    90.317460
   adaptive_m:2.0_S:ada_switch_1_dp:0.2    0.7188 -0.072133         96.289350     52.323580       155.907781    69.206349
   adaptive_m:2.0_S:ada_switch_3_dp:0.2    0.7185 -0.065467         96.249163     51.807229       141.498559    77.142857
   adaptive_m:2.0_S:ada_switch_4_dp:0.2    0.7183 -0.071200         96.222371     51.462995       153.890490    70.317460
   adaptive_m:2.0_S:ada_switch_1_dp:0.2    0.7100 -0.085467         95.110516     37.177281       184.726225    53.333333
   adaptive_m:2.0_S:ada_switch_3_dp:0.2    0.7049 -0.092267         94.427328     28.399312       199.423631    45.238095
   adaptive_m:2.0_S:ada_switch_4_dp:0.2    0.7046 -0.087867         94.387140     27.882960       189.913545    50.476190
   adaptive_m:2.0_S:ada_switch_2_dp:0.2    0.6985 -0.099333         93.569993     17.383821       214.697406    36.825397
   adaptive_m:2.0_S:ada_switch_1_dp:0.2    0.6984 -0.092533         93.556597     17.211704       200.000000    44.920635
   adaptive_m:2.0_S:ada_switch_5_dp:0.2    0.6936 -0.112533         92.913597      8.950086       243.227666    21.111111
   adaptive_m:2.0_S:ada_switch_1_dp:0.2    0.6924 -0.103733         92.752847      6.884682       224.207493    31.587302
   adaptive_m:2.0_S:ada_switch_1_dp:0.2    0.6924 -0.103733         92.752847      6.884682       224.207493    31.587302
      deterministic_m:1.0_S:none_dp:1.0    0.6884 -0.130267         92.217013      0.000000       281.556196     0.000000
   adaptive_m:2.0_S:ada_switch_1_dp:0.2    0.6873 -0.116000         92.069658     -1.893287       250.720461    16.984127