                                   name  last-ACC       BWT  lACC-per(100%KD)  lACC-rel_per  BWT-per(100%KD)  BWT-rel_per
       deterministic_m:1.0_S:all_dp:1.0    0.7465 -0.046267        100.000000    100.000000       100.000000   100.000000
deterministic_m:1.0_S:ten_to_ten_dp:0.8    0.7443 -0.048667         99.705291     95.268817       105.187320    94.886364
deterministic_m:1.5_S:ten_to_ten_dp:0.6    0.7431 -0.037467         99.544541     92.688172        80.979827   118.750000
     deterministic_m:1.0_S:first_dp:0.8    0.7431 -0.051600         99.544541     92.688172       111.527378    88.636364
       deterministic_m:1.0_S:mid_dp:0.8    0.7422 -0.062267         99.423979     90.752688       134.582133    65.909091
       deterministic_m:0.5_S:mid_dp:0.8    0.7402 -0.062400         99.156062     86.451613       134.870317    65.625000
       deterministic_m:1.5_S:end_dp:0.8    0.7396 -0.034800         99.075687     85.161290        75.216138   124.431818
 deterministic_m:1.0_S:first_end_dp:0.8    0.7396 -0.054000         99.075687     85.161290       116.714697    83.522727
     deterministic_m:1.5_S:cycle_dp:0.8    0.7386 -0.039200         98.941728     83.010753        84.726225   115.056818
 deterministic_m:1.5_S:first_end_dp:0.6    0.7383 -0.035200         98.901541     82.365591        76.080692   123.579545
       deterministic_m:1.5_S:end_dp:0.6    0.7382 -0.050533         98.888145     82.150538       109.221902    90.909091
       deterministic_m:0.5_S:all_dp:1.0    0.7382 -0.063733         98.888145     82.150538       137.752161    62.784091
       deterministic_m:2.0_S:mid_dp:0.6    0.7381 -0.031067         98.874749     81.935484        67.146974   132.386364
 deterministic_m:0.5_S:first_end_dp:0.8    0.7379 -0.064000         98.847957     81.505376       138.328530    62.215909
     deterministic_m:0.5_S:first_dp:0.8    0.7378 -0.065333         98.834561     81.290323       141.210375    59.375000
       deterministic_m:1.0_S:end_dp:0.8    0.7376 -0.058400         98.807770     80.860215       126.224784    74.147727
deterministic_m:1.5_S:ten_to_ten_dp:0.4    0.7366 -0.032933         98.673811     78.709677        71.181556   128.409091
       deterministic_m:1.0_S:mid_dp:0.6    0.7366 -0.053600         98.673811     78.709677       115.850144    84.375000
       deterministic_m:2.0_S:mid_dp:0.4    0.7365 -0.035200         98.660415     78.494624        76.080692   123.579545
       deterministic_m:2.0_S:mid_dp:0.8    0.7362 -0.029867         98.620228     77.849462        64.553314   134.943182
deterministic_m:0.5_S:ten_to_ten_dp:0.8    0.7360 -0.069467         98.593436     77.419355       150.144092    50.568182
       deterministic_m:1.5_S:all_dp:1.0    0.7357 -0.025200         98.553248     76.774194        54.466859   144.886364
       deterministic_m:1.5_S:mid_dp:0.8    0.7357 -0.030933         98.553248     76.774194        66.858790   132.670455
       deterministic_m:2.0_S:all_dp:1.0    0.7356 -0.016533         98.539853     76.559140        35.734870   163.352273
     deterministic_m:1.5_S:first_dp:0.8    0.7355 -0.026400         98.526457     76.344086        57.060519   142.329545
     deterministic_m:2.0_S:cycle_dp:0.6    0.7353 -0.029467         98.499665     75.913978        63.688761   135.795455
     deterministic_m:1.0_S:cycle_dp:0.8    0.7352 -0.065067         98.486269     75.698925       140.634006    59.943182
 deterministic_m:1.5_S:first_end_dp:0.8    0.7350 -0.027067         98.459478     75.268817        58.501441   140.909091
     deterministic_m:0.5_S:first_dp:0.6    0.7349 -0.069067         98.446082     75.053763       149.279539    51.420455
       deterministic_m:1.5_S:mid_dp:0.6    0.7344 -0.042667         98.379102     73.978495        92.219020   107.670455
 deterministic_m:2.0_S:first_end_dp:0.8    0.7341 -0.020000         98.338915     73.333333        43.227666   155.965909
     deterministic_m:0.5_S:cycle_dp:0.8    0.7339 -0.072667         98.312123     72.903226       157.060519    43.750000
deterministic_m:2.0_S:ten_to_ten_dp:0.4    0.7333 -0.037600         98.231748     71.612903        81.268012   118.465909
     deterministic_m:2.0_S:first_dp:0.6    0.7324 -0.024000         98.111186     69.677419        51.873199   147.443182
deterministic_m:2.0_S:ten_to_ten_dp:0.8    0.7319 -0.027867         98.044206     68.602151        60.230548   139.204545
     deterministic_m:1.5_S:first_dp:0.6    0.7311 -0.031200         97.937040     66.881720        67.435159   132.102273
deterministic_m:1.5_S:ten_to_ten_dp:0.8    0.7304 -0.032933         97.843269     65.376344        71.181556   128.409091
     deterministic_m:2.0_S:first_dp:0.8    0.7300 -0.029067         97.789685     64.516129        62.824207   136.647727
 deterministic_m:2.0_S:first_end_dp:0.4    0.7299 -0.035067         97.776289     64.301075        75.792507   123.863636
     deterministic_m:1.0_S:cycle_dp:0.6    0.7295 -0.048267         97.722706     63.440860       104.322767    95.738636
 deterministic_m:1.0_S:first_end_dp:0.6    0.7293 -0.042933         97.695914     63.010753        92.795389   107.102273
 deterministic_m:0.5_S:first_end_dp:0.4    0.7293 -0.074800         97.695914     63.010753       161.671470    39.204545
       deterministic_m:2.0_S:end_dp:0.6    0.7281 -0.044533         97.535164     60.430108        96.253602   103.693182
 deterministic_m:1.0_S:first_end_dp:0.4    0.7281 -0.065733         97.535164     60.430108       142.074928    58.522727
deterministic_m:2.0_S:ten_to_ten_dp:0.6    0.7280 -0.032133         97.521768     60.215054        69.452450   130.113636
     deterministic_m:2.0_S:cycle_dp:0.8    0.7279 -0.032533         97.508372     60.000000        70.317003   129.261364
       deterministic_m:1.0_S:end_dp:0.6    0.7279 -0.061733         97.508372     60.000000       133.429395    67.045455
deterministic_m:1.0_S:ten_to_ten_dp:0.6    0.7278 -0.052267         97.494977     59.784946       112.968300    87.215909
     deterministic_m:1.5_S:first_dp:0.4    0.7276 -0.038667         97.468185     59.354839        83.573487   116.193182
     deterministic_m:0.5_S:first_dp:0.4    0.7271 -0.079200         97.401206     58.279570       171.181556    29.829545
deterministic_m:1.0_S:ten_to_ten_dp:0.4    0.7269 -0.066400         97.374414     57.849462       143.515850    57.102273
deterministic_m:0.5_S:ten_to_ten_dp:0.6    0.7268 -0.079467         97.361018     57.634409       171.757925    29.261364
     deterministic_m:1.5_S:cycle_dp:0.6    0.7267 -0.039733         97.347622     57.419355        85.878963   113.920455
 deterministic_m:2.0_S:first_end_dp:0.6    0.7256 -0.034533         97.200268     55.053763        74.639769   125.000000
 deterministic_m:1.5_S:first_end_dp:0.4    0.7256 -0.050800         97.200268     55.053763       109.798271    90.340909
deterministic_m:2.0_S:ten_to_ten_dp:0.2    0.7252 -0.045067         97.146685     54.193548        97.406340   102.556818
     deterministic_m:1.0_S:first_dp:0.4    0.7234 -0.054667         96.905559     50.322581       118.155620    82.102273
deterministic_m:0.5_S:ten_to_ten_dp:0.4    0.7231 -0.091467         96.865372     49.677419       197.694524     3.693182
     deterministic_m:2.0_S:first_dp:0.4    0.7229 -0.035733         96.838580     49.247312        77.233429   122.443182
       deterministic_m:2.0_S:end_dp:0.8    0.7227 -0.049200         96.811788     48.817204       106.340058    93.750000
     deterministic_m:1.0_S:first_dp:0.6    0.7224 -0.058933         96.771601     48.172043       127.377522    73.011364
       deterministic_m:1.5_S:mid_dp:0.4    0.7224 -0.056533         96.771601     48.172043       122.190202    78.125000
       deterministic_m:0.5_S:mid_dp:0.6    0.7222 -0.079600         96.744809     47.741935       172.046110    28.977273
     deterministic_m:0.5_S:cycle_dp:0.6    0.7218 -0.080133         96.691226     46.881720       173.198847    27.840909
 deterministic_m:2.0_S:first_end_dp:0.2    0.7218 -0.047600         96.691226     46.881720       102.881844    97.159091
     deterministic_m:1.0_S:first_dp:0.2    0.7213 -0.068267         96.624246     45.806452       147.550432    53.125000
 deterministic_m:0.5_S:first_end_dp:0.6    0.7211 -0.094133         96.597455     45.376344       203.458213    -1.988636
     deterministic_m:2.0_S:cycle_dp:0.4    0.7209 -0.055867         96.570663     44.946237       120.749280    79.545455
deterministic_m:0.5_S:ten_to_ten_dp:0.2    0.7191 -0.089600         96.329538     41.075269       193.659942     7.670455
 deterministic_m:1.5_S:first_end_dp:0.2    0.7188 -0.048400         96.289350     40.430108       104.610951    95.454545
       deterministic_m:1.0_S:end_dp:0.4    0.7187 -0.073067         96.275954     40.215054       157.925072    42.897727
     deterministic_m:1.0_S:cycle_dp:0.4    0.7183 -0.080267         96.222371     39.354839       173.487032    27.556818
     deterministic_m:0.5_S:first_dp:0.2    0.7167 -0.086400         96.008038     35.913978       186.743516    14.488636
deterministic_m:1.0_S:ten_to_ten_dp:0.2    0.7157 -0.075333         95.874079     33.763441       162.824207    38.068182
       deterministic_m:1.0_S:mid_dp:0.4    0.7156 -0.076933         95.860683     33.548387       166.282421    34.659091
     deterministic_m:1.5_S:cycle_dp:0.4    0.7153 -0.066400         95.820496     32.903226       143.515850    57.102273
     deterministic_m:0.5_S:cycle_dp:0.4    0.7146 -0.096667         95.726725     31.397849       208.933718    -7.386364
deterministic_m:1.5_S:ten_to_ten_dp:0.2    0.7145 -0.069600         95.713329     31.182796       150.432277    50.284091
       deterministic_m:1.0_S:mid_dp:0.2    0.7135 -0.080667         95.579370     29.032258       174.351585    26.704545
       deterministic_m:0.5_S:end_dp:0.6    0.7131 -0.095067         95.525787     28.172043       205.475504    -3.977273
       deterministic_m:0.5_S:end_dp:0.8    0.7123 -0.082533         95.418620     26.451613       178.386167    22.727273
     deterministic_m:2.0_S:cycle_dp:0.2    0.7123 -0.067467         95.418620     26.451613       145.821326    54.829545
       deterministic_m:0.5_S:mid_dp:0.4    0.7117 -0.094800         95.338245     25.161290       204.899135    -3.409091
     deterministic_m:0.5_S:cycle_dp:0.2    0.7115 -0.106533         95.311453     24.731183       230.259366   -28.409091
       deterministic_m:2.0_S:end_dp:0.4    0.7114 -0.071600         95.298058     24.516129       154.755043    46.022727
 deterministic_m:1.0_S:first_end_dp:0.2    0.7106 -0.072267         95.190891     22.795699       156.195965    44.602273
       deterministic_m:2.0_S:end_dp:0.2    0.7104 -0.063467         95.164099     22.365591       137.175793    63.352273
       deterministic_m:1.5_S:mid_dp:0.2    0.7093 -0.074667         95.016745     20.000000       161.383285    39.488636
     deterministic_m:1.0_S:cycle_dp:0.2    0.7089 -0.084533         94.963161     19.139785       182.708934    18.465909
     deterministic_m:2.0_S:first_dp:0.2    0.7081 -0.063600         94.855995     17.419355       137.463977    63.068182
 deterministic_m:0.5_S:first_end_dp:0.2    0.7068 -0.104667         94.681849     14.623656       226.224784   -24.431818
       deterministic_m:1.0_S:end_dp:0.2    0.7064 -0.090267         94.628265     13.763441       195.100865     6.250000
       deterministic_m:1.5_S:end_dp:0.4    0.7061 -0.067200         94.588078     13.118280       145.244957    55.397727
       deterministic_m:0.5_S:mid_dp:0.2    0.7060 -0.105333         94.574682     12.903226       227.665706   -25.852273
       deterministic_m:1.5_S:end_dp:0.2    0.7054 -0.078800         94.494307     11.612903       170.317003    30.681818
       deterministic_m:0.5_S:end_dp:0.2    0.7050 -0.105733         94.440723     10.752688       228.530259   -26.704545
       deterministic_m:0.5_S:end_dp:0.4    0.7028 -0.105333         94.146015      6.021505       227.665706   -25.852273
      deterministic_m:1.0_S:none_dp:1.0    0.7000 -0.093200         93.770931      0.000000       201.440922     0.000000
     deterministic_m:1.5_S:cycle_dp:0.2    0.6983 -0.087600         93.543202     -3.655914       189.337176    11.931818
     deterministic_m:1.5_S:first_dp:0.2    0.6938 -0.080933         92.940388    -13.333333       174.927954    26.136364
       deterministic_m:2.0_S:mid_dp:0.2    0.6926 -0.096400         92.779638    -15.913978       208.357349    -6.818182