                                   name  last-ACC       BWT  lACC-per(100%KD)  lACC-rel_per  BWT-per(100%KD)  BWT-rel_per
       deterministic_m:1.0_S:all_dp:1.0    0.7465 -0.046267        100.000000    100.000000       100.000000   100.000000
   adaptive_m:2.0_S:ada_switch_3_dp:0.2    0.7370 -0.045067         98.727395     79.569892        97.406340   102.556818
       deterministic_m:2.0_S:all_dp:1.0    0.7356 -0.016533         98.539853     76.559140        35.734870   163.352273
   adaptive_m:2.0_S:ada_switch_4_dp:0.2    0.7351 -0.053067         98.472873     75.483871       114.697406    85.511364
   adaptive_m:2.0_S:ada_switch_5_dp:0.2    0.7288 -0.054133         97.628935     61.935484       117.002882    83.238636
   adaptive_m:2.0_S:ada_switch_2_dp:0.2    0.7274 -0.039467         97.441393     58.924731        85.302594   114.488636
deterministic_m:2.0_S:ten_to_ten_dp:0.2    0.7252 -0.045067         97.146685     54.193548        97.406340   102.556818
 deterministic_m:2.0_S:first_end_dp:0.2    0.7218 -0.047600         96.691226     46.881720       102.881844    97.159091
     deterministic_m:2.0_S:cycle_dp:0.2    0.7123 -0.067467         95.418620     26.451613       145.821326    54.829545
       deterministic_m:2.0_S:end_dp:0.2    0.7104 -0.063467         95.164099     22.365591       137.175793    63.352273
     deterministic_m:2.0_S:first_dp:0.2    0.7081 -0.063600         94.855995     17.419355       137.463977    63.068182
      deterministic_m:1.0_S:none_dp:1.0    0.7000 -0.093200         93.770931      0.000000       201.440922     0.000000
       deterministic_m:2.0_S:mid_dp:0.2    0.6926 -0.096400         92.779638    -15.913978       208.357349    -6.818182
   adaptive_m:2.0_S:ada_switch_1_dp:1.0    0.6822 -0.119867         91.386470    -38.279570       259.077810   -56.818182